$MeshFormat
2.2 0 8
$EndMeshFormat
$Nodes
221
1 0 0 0
2 0.1623 0 0
3 0.5 0 0
4 0.8759 0 0
5 1 0 0
6 1 0.25 0
7 1 1 0
8 0.9 1 0
9 0.5 1 0
10 0.104135 1 0
11 0 1 0
12 0 0.75 0
13 0.25 0.4 0
14 0.5 0.6 0
15 0.8 0.8 0
16 0.04057499999989091 0 0
17 0.08114999999979616 0 0
18 0.1217249999998981 0 0
19 0.2467249999998981 0 0
20 0.331149999999539 0 0
21 0.4155749999998334 0 0
22 0.5939749999998166 0 0
23 0.6879499999995666 0 0
24 0.7819249999996127 0 0
25 0.9069249999999066 0 0
26 0.9379499999998481 0 0
27 0.9689749999996093 0 0
28 1 0.04166666666658171 0
29 1 0.08333333333312526 0
30 1 0.1249999999996704 0
31 1 0.1666666666664469 0
32 1 0.2083333333332234 0
33 1 0.3749999999994551 0
34 1 0.499999999998778 0
35 1 0.6249999999987188 0
36 1 0.7499999999993851 0
37 1 0.8749999999994989 0
38 0.9750000000001952 1 0
39 0.9500000000003903 1 0
40 0.9250000000000856 1 0
41 0.8000000000001779 1 0
42 0.7000000000005426 1 0
43 0.6000000000003992 1 0
44 0.4010337500001715 1 0
45 0.3020675000004664 1 0
46 0.2031012500001778 1 0
47 0.07810125000007187 1 0
48 0.05206750000012476 1 0
49 0.0260337500000507 1 0
50 0 0.958333333333102 0
51 0 0.9166666666666666 0
52 0 0.8750000000002651 0
53 0 0.8333333333333334 0
54 0 0.7916666666667545 0
55 0 0.6250000000003082 0
56 0 0.5000000000004844 0
57 0 0.3750000000009568 0
58 0 0.2500000000007009 0
59 0 0.1250000000001876 0
60 0.1769166666666381 0.06666666666653652 0
61 0.1915333333332612 0.1333333333330044 0
62 0.2061499999998865 0.1999999999994822 0
63 0.220766666666588 0.266666666666308 0
64 0.2353833333333019 0.33333333333319 0
65 0.2256891666667414 0.4999999999996928 0
66 0.2013783333334717 0.5999999999994309 0
67 0.177067500000215 0.6999999999991158 0
68 0.1527566666667979 0.79999999999946 0
69 0.128445833333416 0.8999999999996599 0
70 0.5 0.09999999999980057 0
71 0.5 0.1999999999995076 0
72 0.5 0.2999999999992188 0
73 0.5 0.3999999999994957 0
74 0.5 0.499999999999782 0
75 0.5 0.6666666666665481 0
76 0.5 0.7333333333329717 0
77 0.5 0.7999999999994558 0
78 0.5 0.8666666666662903 0
79 0.5 0.9333333333331767 0
80 0.8632500000000235 0.1333333333330856 0
81 0.8506000000000624 0.2666666666660084 0
82 0.8379500000001033 0.3999999999989114 0
83 0.8253000000000675 0.5333333333326221 0
84 0.8126500000000412 0.6666666666662332 0
85 0.8166666666665567 0.8333333333331134 0
86 0.8333333333331686 0.8666666666663371 0
87 0.8499999999997243 0.8999999999994487 0
88 0.8666666666665467 0.9333333333330933 0
89 0.8833333333332498 0.9666666666664996 0
90 0.06249999999992446 0.6625000000001058 0
91 0.1249999999996742 0.5750000000004562 0
92 0.187499999999841 0.4875000000002226 0
93 0.3124999999999633 0.4499999999999706 0
94 0.3749999999998837 0.4999999999999069 0
95 0.4374999999998866 0.5499999999999092 0
96 0.5750000000000494 0.6500000000000329 0
97 0.6499999999997097 0.6999999999998064 0
98 0.7249999999998524 0.7499999999999016 0
99 0.8499999999998278 0.6625000000004739 0
100 0.8999999999997361 0.5250000000007258 0
101 0.9499999999998388 0.3875000000004434 0
102 0.09576666666638609 0.1916666666670046 0
103 0.1103833333330089 0.3833333333337003 0
104 0.08845833333309112 0.0958333333335023 0
105 0.04788333333319304 0.2208333333338527 0
106 0.04422916666654198 0.110416666666845 0
107 0.1030749999996975 0.2875000000003525 0
108 0.05519166666650444 0.4416666666670924 0
109 0.05153749999984874 0.3312500000006546 0
110 0.1176916666663415 0.4791666666670782 0
111 0.05884583333321444 0.552083333333632 0
112 0.1436499999998236 0.1625000000000045 0
113 0.1326874999998646 0.08125000000001942 0
114 0.1655749999997985 0.3250000000000042 0
115 0.154612499999792 0.2437499999999173 0
116 0.1765374999998237 0.4062500000001315 0
117 0.3457666666662845 0.166666666666225 0
118 0.3603833333330627 0.3333333333328397 0
119 0.3384583333329118 0.08333333333311248 0
120 0.2686499999997729 0.1499999999996147 0
121 0.2576874999998392 0.0749999999998245 0
122 0.3530749999996736 0.2499999999995323 0
123 0.2905749999998254 0.2999999999995738 0
124 0.2796124999997801 0.2249999999995072 0
125 0.3676916666664732 0.4166666666663733 0
126 0.3015374999998983 0.3749999999997903 0
127 0.4228833333331423 0.1833333333328663 0
128 0.4192291666664878 0.09166666666645652 0
129 0.4301916666665314 0.3666666666661677 0
130 0.4265374999998368 0.2749999999993756 0
131 0.433845833333209 0.4583333333330555 0
132 0.6752999999996454 0.2333333333326935 0
133 0.6626499999996958 0.4666666666659298 0
134 0.681624999999606 0.1166666666663467 0
135 0.5876499999998227 0.2166666666661005 0
136 0.5908124999998197 0.1083333333330737 0
137 0.6689749999996706 0.3499999999993116 0
138 0.5813249999998479 0.4333333333327127 0
139 0.5844874999998353 0.3249999999992652 0
140 0.6563249999997027 0.5833333333328681 0
141 0.5781624999999486 0.5416666666663899 0
142 0.7629499999998539 0.2499999999993509 0
143 0.7724374999997294 0.1249999999997162 0
144 0.7439749999998817 0.499999999999276 0
145 0.7534624999998869 0.3749999999991115 0
146 0.7344874999998707 0.6249999999995497 0
147 0.9252999999998419 0.1749999999998088 0
148 0.9126499999998075 0.3500000000000184 0
149 0.9316249999998449 0.08749999999990439 0
150 0.8879499999999522 0.2208333333329086 0
151 0.8974374999999255 0.110416666666495 0
152 0.9189749999998247 0.2624999999999136 0
153 0.8689749999999374 0.4416666666663203 0
154 0.8784624999999641 0.3312499999994125 0
155 0.9063249999997718 0.437500000000372 0
156 0.8594874999998864 0.5520833333333581 0
157 0.962649999999921 0.129166666666467 0
158 0.9658124999997652 0.06458333333324304 0
159 0.9563249999999037 0.2583333333332326 0
160 0.9594874999999123 0.193749999999792 0
161 0.9531624999998712 0.322916666666838 0
162 0.1006891666665602 0.716666666666686 0
163 0.07637833333337352 0.8583333333332153 0
164 0.1128445833331172 0.6458333333335711 0
165 0.05034458333328011 0.7750000000000097 0
166 0.05642229166660229 0.7187500000001016 0
167 0.08853374999996687 0.7874999999999506 0
168 0.03818916666668676 0.8874999999999409 0
169 0.04426687499998343 0.8312500000001079 0
170 0.06422291666674913 0.9291666666666076 0
171 0.03211145833336873 0.9437499999998549 0
172 0.151033750000016 0.6583333333330584 0
173 0.1692668749999312 0.5729166666666292 0
174 0.1145675000000857 0.8291666666663377 0
175 0.1328006250000909 0.7437499999995332 0
176 0.09633437500008732 0.9145833333331338 0
177 0.3506891666668138 0.6666666666661392 0
178 0.3263783333336711 0.8333333333328441 0
179 0.3628445833333487 0.5833333333330231 0
180 0.2760337500001427 0.6333333333327851 0
181 0.2942668750000558 0.5416666666663665 0
182 0.3385337500002424 0.7499999999994916 0
183 0.2395675000002345 0.8166666666661521 0
184 0.2578006250002287 0.7249999999993038 0
185 0.3142229166670688 0.9166666666664221 0
186 0.2213343750002147 0.908333333333041 0
187 0.4253445833334069 0.6999999999995554 0
188 0.4314222916666468 0.6249999999997635 0
189 0.4131891666668356 0.8499999999995672 0
190 0.4192668750001212 0.7749999999994738 0
191 0.4071114583335035 0.9249999999997994 0
192 0.6666666666665717 0.7999999999995252 0
193 0.6833333333335385 0.8999999999996272 0
194 0.6583333333331407 0.7499999999996658 0
195 0.5833333333332859 0.7666666666662485 0
196 0.5791666666666676 0.7083333333331717 0
197 0.6750000000000551 0.8499999999995762 0
198 0.5916666666667693 0.8833333333329587 0
199 0.5875000000000276 0.824999999999516 0
200 0.6916666666670406 0.9499999999998137 0
201 0.5958333333335842 0.9416666666664952 0
202 0.7499999999998701 0.8333333333329311 0
203 0.7374999999998474 0.7916666666663889 0
204 0.7750000000000425 0.9166666666663603 0
205 0.7624999999998896 0.8749999999995124 0
206 0.7875000000000986 0.9583333333331566 0
207 0.9166666666665384 0.6833333333330414 0
208 0.9333333333334455 0.8416666666664812 0
209 0.9083333333331373 0.6041666666668836 0
210 0.8749999999998535 0.7749999999996893 0
211 0.8624999999998269 0.718750000000054 0
212 0.9249999999999919 0.7624999999997613 0
213 0.8999999999999961 0.8874999999997872 0
214 0.8874999999998581 0.831249999999605 0
215 0.9416666666669179 0.9208333333332406 0
216 0.9125000000000291 0.9437499999998701 0
217 0.9583333333332692 0.5916666666659097 0
218 0.9541666666665539 0.4895833333332096 0
219 0.9666666666667227 0.7958333333329331 0
220 0.9624999999999959 0.69374999999924 0
221 0.9708333333334589 0.8979166666663697 0
$EndNodes
$Elements
315
1 15 2 101 1 1
2 15 2 101 2 2
3 15 2 101 3 3
4 15 2 101 4 4
5 15 2 101 5 5
6 15 2 101 6 6
7 15 2 101 7 7
8 15 2 101 8 8
9 15 2 101 10 9
10 15 2 101 11 10
11 15 2 101 12 11
12 15 2 101 13 12
13 15 2 101 14 13
14 15 2 101 15 14
15 15 2 101 16 15
16 1 2 101 1 1 16
17 1 2 101 1 16 17
18 1 2 101 1 17 18
19 1 2 101 1 18 2
20 1 2 101 2 2 19
21 1 2 101 2 19 20
22 1 2 101 2 20 21
23 1 2 101 2 21 3
24 1 2 101 3 3 22
25 1 2 101 3 22 23
26 1 2 101 3 23 24
27 1 2 101 3 24 4
28 1 2 101 4 4 25
29 1 2 101 4 25 26
30 1 2 101 4 26 27
31 1 2 101 4 27 5
32 1 2 101 5 5 28
33 1 2 101 5 28 29
34 1 2 101 5 29 30
35 1 2 101 5 30 31
36 1 2 101 5 31 32
37 1 2 101 5 32 6
38 1 2 101 6 6 33
39 1 2 101 6 33 34
40 1 2 101 6 34 35
41 1 2 101 6 35 36
42 1 2 101 6 36 37
43 1 2 101 6 37 7
44 1 2 101 7 7 38
45 1 2 101 7 38 39
46 1 2 101 7 39 40
47 1 2 101 7 40 8
48 1 2 101 8 8 41
49 1 2 101 8 41 42
50 1 2 101 8 42 43
51 1 2 101 8 43 9
52 1 2 101 9 9 44
53 1 2 101 9 44 45
54 1 2 101 9 45 46
55 1 2 101 9 46 10
56 1 2 101 10 10 47
57 1 2 101 10 47 48
58 1 2 101 10 48 49
59 1 2 101 10 49 11
60 1 2 101 11 11 50
61 1 2 101 11 50 51
62 1 2 101 11 51 52
63 1 2 101 11 52 53
64 1 2 101 11 53 54
65 1 2 101 11 54 12
66 1 2 101 14 12 55
67 1 2 101 14 55 56
68 1 2 101 14 56 57
69 1 2 101 14 57 58
70 1 2 101 14 58 59
71 1 2 101 14 59 1
72 1 2 0 15 2 60
73 1 2 0 15 60 61
74 1 2 0 15 61 62
75 1 2 0 15 62 63
76 1 2 0 15 63 64
77 1 2 0 15 64 13
78 1 2 0 16 13 65
79 1 2 0 16 65 66
80 1 2 0 16 66 67
81 1 2 0 16 67 68
82 1 2 0 16 68 69
83 1 2 0 16 69 10
84 1 2 0 18 3 70
85 1 2 0 18 70 71
86 1 2 0 18 71 72
87 1 2 0 18 72 73
88 1 2 0 18 73 74
89 1 2 0 18 74 14
90 1 2 0 19 14 75
91 1 2 0 19 75 76
92 1 2 0 19 76 77
93 1 2 0 19 77 78
94 1 2 0 19 78 79
95 1 2 0 19 79 9
96 1 2 0 20 4 80
97 1 2 0 20 80 81
98 1 2 0 20 81 82
99 1 2 0 20 82 83
100 1 2 0 20 83 84
101 1 2 0 20 84 15
102 1 2 0 21 15 85
103 1 2 0 21 85 86
104 1 2 0 21 86 87
105 1 2 0 21 87 88
106 1 2 0 21 88 89
107 1 2 0 21 89 8
108 1 2 0 22 12 90
109 1 2 0 22 90 91
110 1 2 0 22 91 92
111 1 2 0 22 92 13
112 1 2 0 23 13 93
113 1 2 0 23 93 94
114 1 2 0 23 94 95
115 1 2 0 23 95 14
116 1 2 0 24 14 96
117 1 2 0 24 96 97
118 1 2 0 24 97 98
119 1 2 0 24 98 15
120 1 2 0 25 15 99
121 1 2 0 25 99 100
122 1 2 0 25 100 101
123 1 2 0 25 101 6
124 3 2 0 27 1 16 106 59
125 3 2 0 27 16 17 104 106
126 3 2 0 27 106 104 102 105
127 3 2 0 27 59 106 105 58
128 3 2 0 27 58 105 109 57
129 3 2 0 27 105 102 107 109
130 3 2 0 27 109 107 103 108
131 3 2 0 27 57 109 108 56
132 3 2 0 27 56 108 111 55
133 3 2 0 27 108 103 110 111
134 3 2 0 27 111 110 91 90
135 3 2 0 27 55 111 90 12
136 3 2 0 27 17 18 113 104
137 3 2 0 27 18 2 60 113
138 3 2 0 27 113 60 61 112
139 3 2 0 27 104 113 112 102
140 3 2 0 27 102 112 115 107
141 3 2 0 27 112 61 62 115
142 3 2 0 27 115 62 63 114
143 3 2 0 27 107 115 114 103
144 3 2 0 27 103 114 116 110
145 3 2 0 27 114 63 64 116
146 3 2 0 27 116 64 13 92
147 3 2 0 27 110 116 92 91
148 3 2 0 29 2 19 121 60
149 3 2 0 29 19 20 119 121
150 3 2 0 29 121 119 117 120
151 3 2 0 29 60 121 120 61
152 3 2 0 29 61 120 124 62
153 3 2 0 29 120 117 122 124
154 3 2 0 29 124 122 118 123
155 3 2 0 29 62 124 123 63
156 3 2 0 29 63 123 126 64
157 3 2 0 29 123 118 125 126
158 3 2 0 29 126 125 94 93
159 3 2 0 29 64 126 93 13
160 3 2 0 29 20 21 128 119
161 3 2 0 29 21 3 70 128
162 3 2 0 29 128 70 71 127
163 3 2 0 29 119 128 127 117
164 3 2 0 29 117 127 130 122
165 3 2 0 29 127 71 72 130
166 3 2 0 29 130 72 73 129
167 3 2 0 29 122 130 129 118
168 3 2 0 29 118 129 131 125
169 3 2 0 29 129 73 74 131
170 3 2 0 29 131 74 14 95
171 3 2 0 29 125 131 95 94
172 3 2 0 31 3 22 136 70
173 3 2 0 31 22 23 134 136
174 3 2 0 31 136 134 132 135
175 3 2 0 31 70 136 135 71
176 3 2 0 31 71 135 139 72
177 3 2 0 31 135 132 137 139
178 3 2 0 31 139 137 133 138
179 3 2 0 31 72 139 138 73
180 3 2 0 31 73 138 141 74
181 3 2 0 31 138 133 140 141
182 3 2 0 31 141 140 97 96
183 3 2 0 31 74 141 96 14
184 3 2 0 31 23 24 143 134
185 3 2 0 31 24 4 80 143
186 3 2 0 31 143 80 81 142
187 3 2 0 31 134 143 142 132
188 3 2 0 31 132 142 145 137
189 3 2 0 31 142 81 82 145
190 3 2 0 31 145 82 83 144
191 3 2 0 31 137 145 144 133
192 3 2 0 31 133 144 146 140
193 3 2 0 31 144 83 84 146
194 3 2 0 31 146 84 15 98
195 3 2 0 31 140 146 98 97
196 3 2 0 33 4 25 151 80
197 3 2 0 33 25 26 149 151
198 3 2 0 33 151 149 147 150
199 3 2 0 33 80 151 150 81
200 3 2 0 33 81 150 154 82
201 3 2 0 33 150 147 152 154
202 3 2 0 33 154 152 148 153
203 3 2 0 33 82 154 153 83
204 3 2 0 33 83 153 156 84
205 3 2 0 33 153 148 155 156
206 3 2 0 33 156 155 100 99
207 3 2 0 33 84 156 99 15
208 3 2 0 33 26 27 158 149
209 3 2 0 33 27 5 28 158
210 3 2 0 33 158 28 29 157
211 3 2 0 33 149 158 157 147
212 3 2 0 33 147 157 160 152
213 3 2 0 33 157 29 30 160
214 3 2 0 33 160 30 31 159
215 3 2 0 33 152 160 159 148
216 3 2 0 33 148 159 161 155
217 3 2 0 33 159 31 32 161
218 3 2 0 33 161 32 6 101
219 3 2 0 33 155 161 101 100
220 3 2 0 35 12 90 166 54
221 3 2 0 35 90 91 164 166
222 3 2 0 35 166 164 162 165
223 3 2 0 35 54 166 165 53
224 3 2 0 35 53 165 169 52
225 3 2 0 35 165 162 167 169
226 3 2 0 35 169 167 163 168
227 3 2 0 35 52 169 168 51
228 3 2 0 35 51 168 171 50
229 3 2 0 35 168 163 170 171
230 3 2 0 35 171 170 48 49
231 3 2 0 35 50 171 49 11
232 3 2 0 35 91 92 173 164
233 3 2 0 35 92 13 65 173
234 3 2 0 35 173 65 66 172
235 3 2 0 35 164 173 172 162
236 3 2 0 35 162 172 175 167
237 3 2 0 35 172 66 67 175
238 3 2 0 35 175 67 68 174
239 3 2 0 35 167 175 174 163
240 3 2 0 35 163 174 176 170
241 3 2 0 35 174 68 69 176
242 3 2 0 35 176 69 10 47
243 3 2 0 35 170 176 47 48
244 3 2 0 37 13 93 181 65
245 3 2 0 37 93 94 179 181
246 3 2 0 37 181 179 177 180
247 3 2 0 37 65 181 180 66
248 3 2 0 37 66 180 184 67
249 3 2 0 37 180 177 182 184
250 3 2 0 37 184 182 178 183
251 3 2 0 37 67 184 183 68
252 3 2 0 37 68 183 186 69
253 3 2 0 37 183 178 185 186
254 3 2 0 37 186 185 45 46
255 3 2 0 37 69 186 46 10
256 3 2 0 37 94 95 188 179
257 3 2 0 37 95 14 75 188
258 3 2 0 37 188 75 76 187
259 3 2 0 37 179 188 187 177
260 3 2 0 37 177 187 190 182
261 3 2 0 37 187 76 77 190
262 3 2 0 37 190 77 78 189
263 3 2 0 37 182 190 189 178
264 3 2 0 37 178 189 191 185
265 3 2 0 37 189 78 79 191
266 3 2 0 37 191 79 9 44
267 3 2 0 37 185 191 44 45
268 3 2 0 39 14 96 196 75
269 3 2 0 39 96 97 194 196
270 3 2 0 39 196 194 192 195
271 3 2 0 39 75 196 195 76
272 3 2 0 39 76 195 199 77
273 3 2 0 39 195 192 197 199
274 3 2 0 39 199 197 193 198
275 3 2 0 39 77 199 198 78
276 3 2 0 39 78 198 201 79
277 3 2 0 39 198 193 200 201
278 3 2 0 39 201 200 42 43
279 3 2 0 39 79 201 43 9
280 3 2 0 39 97 98 203 194
281 3 2 0 39 98 15 85 203
282 3 2 0 39 203 85 86 202
283 3 2 0 39 194 203 202 192
284 3 2 0 39 192 202 205 197
285 3 2 0 39 202 86 87 205
286 3 2 0 39 205 87 88 204
287 3 2 0 39 197 205 204 193
288 3 2 0 39 193 204 206 200
289 3 2 0 39 204 88 89 206
290 3 2 0 39 206 89 8 41
291 3 2 0 39 200 206 41 42
292 3 2 0 41 15 99 211 85
293 3 2 0 41 99 100 209 211
294 3 2 0 41 211 209 207 210
295 3 2 0 41 85 211 210 86
296 3 2 0 41 86 210 214 87
297 3 2 0 41 210 207 212 214
298 3 2 0 41 214 212 208 213
299 3 2 0 41 87 214 213 88
300 3 2 0 41 88 213 216 89
301 3 2 0 41 213 208 215 216
302 3 2 0 41 216 215 39 40
303 3 2 0 41 89 216 40 8
304 3 2 0 41 100 101 218 209
305 3 2 0 41 101 6 33 218
306 3 2 0 41 218 33 34 217
307 3 2 0 41 209 218 217 207
308 3 2 0 41 207 217 220 212
309 3 2 0 41 217 34 35 220
310 3 2 0 41 220 35 36 219
311 3 2 0 41 212 220 219 208
312 3 2 0 41 208 219 221 215
313 3 2 0 41 219 36 37 221
314 3 2 0 41 221 37 7 38
315 3 2 0 41 215 221 38 39
$EndElements
