$MeshFormat
2.2 0 8
$EndMeshFormat
$Nodes
289
1 0 0 0
2 0.7113248654 0 0
3 1 0 0
4 1 0.2886751345948 0
5 1 1 0
6 0.2886751345948 1 0
7 0 1 0
8 0 0.7113248654 0
9 0.5 0.5 0
10 0.08891560817485175 0 0
11 0.1778312163495926 0 0
12 0.2667468245242384 0 0
13 0.3556624326990198 0 0
14 0.4445780408742885 0 0
15 0.5334936490495205 0 0
16 0.62240925722472 0 0
17 0.7474092572249115 0 0
18 0.7834936490498591 0 0
19 0.8195780408747622 0 0
20 0.855662432699588 0 0
21 0.8917468245247169 0 0
22 0.9278312163497939 0 0
23 0.9639156081748854 0 0
24 1 0.03608439182428824 0
25 1 0.07216878364853178 0
26 1 0.1082531754727829 0
27 1 0.1443375672970276 0
28 1 0.1804219591215029 0
29 1 0.2165063509459138 0
30 1 0.2525907427703699 0
31 1 0.3775907427703749 0
32 1 0.4665063509456773 0
33 1 0.5554219591209419 0
34 1 0.6443375672964675 0
35 1 0.7332531754722129 0
36 1 0.822168783648212 0
37 1 0.9110843918241136 0
38 0.9110843918245628 1 0
39 0.8221687836491337 1 0
40 0.7332531754737952 1 0
41 0.6443375672983105 1 0
42 0.5554219591224148 1 0
43 0.4665063509465769 1 0
44 0.3775907427707611 1 0
45 0.252590742770464 1 0
46 0.2165063509462517 1 0
47 0.1804219591219839 1 0
48 0.1443375672977683 1 0
49 0.1082531754733251 1 0
50 0.07216878364888418 1 0
51 0.03608439182446771 1 0
52 0 0.9639156081750885 0
53 0 0.9278312163501409 0
54 0 0.8917468245252378 0
55 0 0.855662432700412 0
56 0 0.8195780408752831 0
57 0 0.783493649050206 0
58 0 0.7474092572251145 0
59 0 0.6224092572251179 0
60 0 0.5334936490503901 0
61 0 0.4445780408757604 0
62 0 0.3556624327009755 0
63 0 0.2667468245256897 0
64 0 0.1778312163504772 0
65 0 0.08891560817529687 0
66 0.9374999999999991 0.3150907427704504 0
67 0.8750000000000449 0.3415063509460811 0
68 0.8124999999999869 0.3679219591217555 0
69 0.7500000000000978 0.3943375672973586 0
70 0.6875000000000258 0.4207531754730391 0
71 0.6250000000000566 0.4471687836486761 0
72 0.5624999999999941 0.4735843918243525 0
73 0.5264156081749583 0.4375000000000986 0
74 0.5528312163499032 0.3750000000002291 0
75 0.5792468245247279 0.3125000000006439 0
76 0.6056624326995876 0.2500000000009757 0
77 0.6320780408746717 0.1875000000007768 0
78 0.6584936490497951 0.1250000000004847 0
79 0.6849092572248957 0.06250000000024664 0
80 0.4735843918243496 0.5625000000000009 0
81 0.4471687836487189 0.6249999999999552 0
82 0.4207531754730445 0.6875000000000131 0
83 0.3943375672974414 0.7499999999999022 0
84 0.3679219591217608 0.8124999999999742 0
85 0.3415063509461239 0.8749999999999434 0
86 0.3150907427704475 0.9375000000000059 0
87 0.06249999999988243 0.6849092572250497 0
88 0.124999999999669 0.6584936490501399 0
89 0.1874999999995121 0.6320780408752061 0
90 0.249999999999345 0.6056624327002769 0
91 0.3124999999995435 0.5792468245251929 0
92 0.374999999999678 0.5528312163501361 0
93 0.4374999999998305 0.5264156081750716 0
94 0.4146234122620661 0.4146234122628714 0
95 0.45424682452429 0.2764156081760437 0
96 0.4938702367869063 0.1382078040880168 0
97 0.2764156081742153 0.4542468245255172 0
98 0.3028312163489762 0.3028312163511139 0
99 0.3292468245239987 0.1514156081755501 0
100 0.1382078040871256 0.4938702367879547 0
101 0.1514156081745277 0.3292468245260455 0
102 0.1646234122620605 0.164623412263014 0
103 0.394811706130872 0.4837273143065037 0
104 0.4837273143059846 0.3948117061315503 0
105 0.4606136571529109 0.4606136571533029 0
106 0.4344351183931781 0.3455195102194576 0
107 0.5299546286119388 0.2632078040885097 0
108 0.506840971458953 0.3290097551100508 0
109 0.4740585306555982 0.2073117061320303 0
110 0.5761819429183508 0.1316039020442508 0
111 0.5530682857651349 0.1974058530664035 0
112 0.5136819429182133 0.06910390204400842 0
113 0.5992956000715344 0.06580195102212752 0
114 0.2632078040867801 0.5299546286128971 0
115 0.3455195102181407 0.4344351183941944 0
116 0.3290097551088421 0.5068409714596937 0
117 0.2896234122615957 0.3785390204383156 0
118 0.3785390204366331 0.2896234122635788 0
119 0.3620292653273869 0.3620292653288866 0
120 0.3160390204364875 0.2271234122633321 0
121 0.4115585306554525 0.1448117061317835 0
122 0.3950487755460428 0.2172175591976812 0
123 0.3424546286115092 0.07570780408777507 0
124 0.4280682857648704 0.07240585306589174 0
125 0.1316039020433973 0.5761819429190473 0
126 0.2073117061306705 0.474058530656736 0
127 0.1974058530650913 0.5530682857659712 0
128 0.1448117061308267 0.4115585306570001 0
129 0.227123412261752 0.3160390204385797 0
130 0.2172175591962112 0.3950487755476578 0
131 0.1580195102182941 0.2469351183945298 0
132 0.2469351183930296 0.1580195102192821 0
133 0.2370292653273908 0.2370292653289309 0
134 0.1712273143058266 0.08231170613150701 0
135 0.2568409714586339 0.07900975510964103 0
136 0.06910390204356282 0.5136819429191724 0
137 0.06580195102172262 0.5992956000720725 0
138 0.07570780408726387 0.3424546286135105 0
139 0.07240585306541333 0.4280682857663802 0
140 0.08231170613103025 0.1712273143067456 0
141 0.07900975510914707 0.2568409714601097 0
142 0.085613657152941 0.08561365715340194 0
143 0.6646234122624345 0.3353765877366323 0
144 0.7764156081749218 0.2957531754730405 0
145 0.8882078040874581 0.2561297632094784 0
146 0.7042468245246486 0.2235843918249767 0
147 0.8028312163496367 0.197168783648981 0
148 0.9014156081748164 0.1707531754730051 0
149 0.743870236787255 0.1117921959124904 0
150 0.8292468245246127 0.09858439182449791 0
151 0.9146234122623054 0.08537658773651527 0
152 0.6087273143061689 0.3551882938684307 0
153 0.6448117061312455 0.3912726856926542 0
154 0.5856136571530848 0.4143863428463835 0
155 0.7205195102186781 0.3155648816048364 0
156 0.7632078040875099 0.3450453713851995 0
157 0.704009755109352 0.3681590285389378 0
158 0.83231170613119 0.2759414693412595 0
159 0.8816039020437515 0.2988180570777798 0
160 0.8224058530655884 0.3219317142315075 0
161 0.9441039020437291 0.2363180570776961 0
162 0.9408019510218642 0.2757043999240797 0
163 0.6549546286121182 0.2367921959129762 0
164 0.6844351183935415 0.2794804897808045 0
165 0.6318409714591347 0.2959902448907241 0
166 0.7535390204371426 0.2103765877369788 0
167 0.7896234122622793 0.2464609795610107 0
168 0.7370292653279102 0.2629707346709076 0
169 0.8521234122622265 0.1839609795609931 0
170 0.8948117061311373 0.2134414693412418 0
171 0.8422175591967083 0.2299512244511263 0
172 0.9507078040874082 0.1575453713850163 0
173 0.9474058530655687 0.1969317142313724 0
174 0.7011819429185251 0.1183960979564876 0
175 0.7240585306559517 0.1676882938687336 0
176 0.6780682857653118 0.1775941469347552 0
177 0.7865585306559338 0.1051882938684942 0
178 0.8160390204371247 0.1478765877367395 0
179 0.7700487755465382 0.1577824408027365 0
180 0.8719351183934591 0.09198048978050659 0
181 0.9080195102185609 0.1280648816047602 0
182 0.8620292653278429 0.1379707346707498 0
183 0.9573117061311527 0.07877268569252352 0
184 0.9540097551092804 0.1181590285387716 0
185 0.7636819429185571 0.05589609795624522 0
186 0.7242956000717173 0.05919804897824593 0
187 0.8424546286121004 0.04929219591224895 0
188 0.8030682857653482 0.05259414693424709 0
189 0.9212273143060497 0.04268829386825764 0
190 0.881840971459088 0.04599024489025329 0
191 0.9606136571530191 0.03938634284627293 0
192 0.5853765877367009 0.5853765877363677 0
193 0.5457531754733479 0.7235843918240317 0
194 0.5061297632099648 0.8617921959120045 0
195 0.7235843918246603 0.5457531754727852 0
196 0.6971687836492249 0.697168783648164 0
197 0.6707531754737695 0.8485843918240674 0
198 0.8617921959123218 0.5061297632092325 0
199 0.8485843918245996 0.6707531754723166 0
200 0.8353765877368675 0.8353765877361401 0
201 0.6051882938683788 0.5162726856925219 0
202 0.5162726856927099 0.6051882938681614 0
203 0.5393863428463471 0.5393863428462686 0
204 0.5655648816050244 0.6544804897801997 0
205 0.4700453713853946 0.736792195911967 0
206 0.4931590285390344 0.6709902448901064 0
207 0.5259414693416564 0.7926882938680181 0
208 0.4238180570780444 0.8683960979559739 0
209 0.4469317142317086 0.8025941469339963 0
210 0.4863180570782709 0.9308960979560023 0
211 0.4007043999243955 0.9341980489780041 0
212 0.7367921959123791 0.470045371385072 0
213 0.6544804897806806 0.5655648816045764 0
214 0.6709902448903532 0.4931590285388078 0
215 0.7103765877369426 0.6214609795604746 0
216 0.6214609795612864 0.7103765877360979 0
217 0.6379707346709835 0.6379707346703372 0
218 0.6839609795614972 0.7728765877361157 0
219 0.5884414693418671 0.855188293868036 0
220 0.6049512244515768 0.7827824408020669 0
221 0.65754537138604 0.9242921959120337 0
222 0.571931714232141 0.927594146934018 0
223 0.8683960979561833 0.4238180570776568 0
224 0.7926882938684911 0.5259414693410089 0
225 0.802594146934239 0.4469317142313822 0
226 0.8551882938684607 0.5884414693407746 0
227 0.7728765877369122 0.6839609795602404 0
228 0.7827824408027018 0.6049512244506246 0
229 0.8419804897807335 0.7530648816042284 0
230 0.7530648816053185 0.8419804897801038 0
231 0.7629707346711154 0.7629707346701722 0
232 0.8287726856930007 0.9176882938680701 0
233 0.743159028539557 0.9209902448900519 0
234 0.9308960979561609 0.4863180570774549 0
235 0.93419804897808 0.4007043999240207 0
236 0.9242921959122998 0.6575453713843921 0
237 0.9275941469342304 0.5719317142308582 0
238 0.9176882938684338 0.828772685692176 0
239 0.9209902448903666 0.7431590285382206 0
240 0.9143863428464985 0.9143863428460919 0
241 0.3353765877363356 0.66462341226262 0
242 0.2235843918239603 0.7042468245252884 0
243 0.1117921959119775 0.7438702367877482 0
244 0.2957531754729958 0.7764156081750977 0
245 0.1971687836485773 0.8028312163502956 0
246 0.0985843918242869 0.8292468245253545 0
247 0.2561297632096262 0.8882078040875269 0
248 0.1707531754731745 0.9014156081751111 0
249 0.08537658773658637 0.9146234122626263 0
250 0.3912726856925273 0.6448117061312876 0
251 0.3551882938680068 0.6087273143063781 0
252 0.4143863428461739 0.5856136571531913 0
253 0.2794804897801479 0.6844351183939542 0
254 0.2367921959116526 0.6549546286127826 0
255 0.2959902448898457 0.6318409714595736 0
256 0.1676882938679689 0.7240585306565184 0
257 0.1183960979558232 0.7011819429189441 0
258 0.1775941469337405 0.6780682857658623 0
259 0.05589609795598875 0.7636819429189772 0
260 0.05919804897793559 0.7242956000720192 0
261 0.3450453713852186 0.7632078040874999 0
262 0.3155648816046657 0.7205195102188589 0
263 0.3681590285388551 0.704009755109436 0
264 0.2464609795607866 0.7896234122626966 0
265 0.2103765877362688 0.7535390204377921 0
266 0.2629707346704672 0.7370292653283255 0
267 0.1478765877364321 0.8160390204378251 0
268 0.1051882938681322 0.7865585306565514 0
269 0.1577824408022005 0.7700487755471717 0
270 0.04929219591214345 0.8424546286128832 0
271 0.0525941469340661 0.8030682857659173 0
272 0.2988180570778751 0.8816039020437352 0
273 0.275941469341311 0.8323117061313123 0
274 0.321931714231536 0.8224058530656433 0
275 0.2134414693414004 0.894811706131319 0
276 0.1839609795608759 0.8521234122627034 0
277 0.2299512244510935 0.8422175591970078 0
278 0.1280648816048804 0.9080195102188687 0
279 0.09198048978043663 0.8719351183939904 0
280 0.1379707346706563 0.8620292653283469 0
281 0.04268829386829318 0.9212273143063836 0
282 0.04599024489021832 0.881840971459614 0
283 0.2363180570779389 0.9441039020437634 0
284 0.2757043999241623 0.9408019510218847 0
285 0.1575453713854714 0.9507078040875556 0
286 0.1969317142316922 0.9474058530656595 0
287 0.07877268569273527 0.9573117061313132 0
288 0.1181590285391028 0.9540097551094344 0
289 0.03938634284638044 0.9606136571532009 0
$EndNodes
$Elements
361
1 15 2 201 1 1
2 15 2 201 2 2
3 15 2 201 3 3
4 15 2 201 4 4
5 15 2 201 5 5
6 15 2 201 6 6
7 15 2 201 7 7
8 15 2 201 8 8
9 15 2 22 9 9
10 1 2 201 1 1 10
11 1 2 201 1 10 11
12 1 2 201 1 11 12
13 1 2 201 1 12 13
14 1 2 201 1 13 14
15 1 2 201 1 14 15
16 1 2 201 1 15 16
17 1 2 201 1 16 2
18 1 2 201 2 2 17
19 1 2 201 2 17 18
20 1 2 201 2 18 19
21 1 2 201 2 19 20
22 1 2 201 2 20 21
23 1 2 201 2 21 22
24 1 2 201 2 22 23
25 1 2 201 2 23 3
26 1 2 201 3 3 24
27 1 2 201 3 24 25
28 1 2 201 3 25 26
29 1 2 201 3 26 27
30 1 2 201 3 27 28
31 1 2 201 3 28 29
32 1 2 201 3 29 30
33 1 2 201 3 30 4
34 1 2 201 4 4 31
35 1 2 201 4 31 32
36 1 2 201 4 32 33
37 1 2 201 4 33 34
38 1 2 201 4 34 35
39 1 2 201 4 35 36
40 1 2 201 4 36 37
41 1 2 201 4 37 5
42 1 2 201 5 5 38
43 1 2 201 5 38 39
44 1 2 201 5 39 40
45 1 2 201 5 40 41
46 1 2 201 5 41 42
47 1 2 201 5 42 43
48 1 2 201 5 43 44
49 1 2 201 5 44 6
50 1 2 201 6 6 45
51 1 2 201 6 45 46
52 1 2 201 6 46 47
53 1 2 201 6 47 48
54 1 2 201 6 48 49
55 1 2 201 6 49 50
56 1 2 201 6 50 51
57 1 2 201 6 51 7
58 1 2 201 7 7 52
59 1 2 201 7 52 53
60 1 2 201 7 53 54
61 1 2 201 7 54 55
62 1 2 201 7 55 56
63 1 2 201 7 56 57
64 1 2 201 7 57 58
65 1 2 201 7 58 8
66 1 2 201 8 8 59
67 1 2 201 8 59 60
68 1 2 201 8 60 61
69 1 2 201 8 61 62
70 1 2 201 8 62 63
71 1 2 201 8 63 64
72 1 2 201 8 64 65
73 1 2 201 8 65 1
74 1 2 24 9 4 66
75 1 2 24 9 66 67
76 1 2 24 9 67 68
77 1 2 24 9 68 69
78 1 2 24 9 69 70
79 1 2 24 9 70 71
80 1 2 24 9 71 72
81 1 2 24 9 72 9
82 1 2 24 10 9 73
83 1 2 24 10 73 74
84 1 2 24 10 74 75
85 1 2 24 10 75 76
86 1 2 24 10 76 77
87 1 2 24 10 77 78
88 1 2 24 10 78 79
89 1 2 24 10 79 2
90 1 2 24 11 9 80
91 1 2 24 11 80 81
92 1 2 24 11 81 82
93 1 2 24 11 82 83
94 1 2 24 11 83 84
95 1 2 24 11 84 85
96 1 2 24 11 85 86
97 1 2 24 11 86 6
98 1 2 24 12 8 87
99 1 2 24 12 87 88
100 1 2 24 12 88 89
101 1 2 24 12 89 90
102 1 2 24 12 90 91
103 1 2 24 12 91 92
104 1 2 24 12 92 93
105 1 2 24 12 93 9
106 3 2 1 14 9 93 105 73
107 3 2 1 14 93 92 103 105
108 3 2 1 14 105 103 94 104
109 3 2 1 14 73 105 104 74
110 3 2 1 14 74 104 108 75
111 3 2 1 14 104 94 106 108
112 3 2 1 14 108 106 95 107
113 3 2 1 14 75 108 107 76
114 3 2 1 14 76 107 111 77
115 3 2 1 14 107 95 109 111
116 3 2 1 14 111 109 96 110
117 3 2 1 14 77 111 110 78
118 3 2 1 14 78 110 113 79
119 3 2 1 14 110 96 112 113
120 3 2 1 14 113 112 15 16
121 3 2 1 14 79 113 16 2
122 3 2 1 14 92 91 116 103
123 3 2 1 14 91 90 114 116
124 3 2 1 14 116 114 97 115
125 3 2 1 14 103 116 115 94
126 3 2 1 14 94 115 119 106
127 3 2 1 14 115 97 117 119
128 3 2 1 14 119 117 98 118
129 3 2 1 14 106 119 118 95
130 3 2 1 14 95 118 122 109
131 3 2 1 14 118 98 120 122
132 3 2 1 14 122 120 99 121
133 3 2 1 14 109 122 121 96
134 3 2 1 14 96 121 124 112
135 3 2 1 14 121 99 123 124
136 3 2 1 14 124 123 13 14
137 3 2 1 14 112 124 14 15
138 3 2 1 14 90 89 127 114
139 3 2 1 14 89 88 125 127
140 3 2 1 14 127 125 100 126
141 3 2 1 14 114 127 126 97
142 3 2 1 14 97 126 130 117
143 3 2 1 14 126 100 128 130
144 3 2 1 14 130 128 101 129
145 3 2 1 14 117 130 129 98
146 3 2 1 14 98 129 133 120
147 3 2 1 14 129 101 131 133
148 3 2 1 14 133 131 102 132
149 3 2 1 14 120 133 132 99
150 3 2 1 14 99 132 135 123
151 3 2 1 14 132 102 134 135
152 3 2 1 14 135 134 11 12
153 3 2 1 14 123 135 12 13
154 3 2 1 14 88 87 137 125
155 3 2 1 14 87 8 59 137
156 3 2 1 14 137 59 60 136
157 3 2 1 14 125 137 136 100
158 3 2 1 14 100 136 139 128
159 3 2 1 14 136 60 61 139
160 3 2 1 14 139 61 62 138
161 3 2 1 14 128 139 138 101
162 3 2 1 14 101 138 141 131
163 3 2 1 14 138 62 63 141
164 3 2 1 14 141 63 64 140
165 3 2 1 14 131 141 140 102
166 3 2 1 14 102 140 142 134
167 3 2 1 14 140 64 65 142
168 3 2 1 14 142 65 1 10
169 3 2 1 14 134 142 10 11
170 3 2 1 16 9 73 154 72
171 3 2 1 16 73 74 152 154
172 3 2 1 16 154 152 143 153
173 3 2 1 16 72 154 153 71
174 3 2 1 16 71 153 157 70
175 3 2 1 16 153 143 155 157
176 3 2 1 16 157 155 144 156
177 3 2 1 16 70 157 156 69
178 3 2 1 16 69 156 160 68
179 3 2 1 16 156 144 158 160
180 3 2 1 16 160 158 145 159
181 3 2 1 16 68 160 159 67
182 3 2 1 16 67 159 162 66
183 3 2 1 16 159 145 161 162
184 3 2 1 16 162 161 29 30
185 3 2 1 16 66 162 30 4
186 3 2 1 16 74 75 165 152
187 3 2 1 16 75 76 163 165
188 3 2 1 16 165 163 146 164
189 3 2 1 16 152 165 164 143
190 3 2 1 16 143 164 168 155
191 3 2 1 16 164 146 166 168
192 3 2 1 16 168 166 147 167
193 3 2 1 16 155 168 167 144
194 3 2 1 16 144 167 171 158
195 3 2 1 16 167 147 169 171
196 3 2 1 16 171 169 148 170
197 3 2 1 16 158 171 170 145
198 3 2 1 16 145 170 173 161
199 3 2 1 16 170 148 172 173
200 3 2 1 16 173 172 27 28
201 3 2 1 16 161 173 28 29
202 3 2 1 16 76 77 176 163
203 3 2 1 16 77 78 174 176
204 3 2 1 16 176 174 149 175
205 3 2 1 16 163 176 175 146
206 3 2 1 16 146 175 179 166
207 3 2 1 16 175 149 177 179
208 3 2 1 16 179 177 150 178
209 3 2 1 16 166 179 178 147
210 3 2 1 16 147 178 182 169
211 3 2 1 16 178 150 180 182
212 3 2 1 16 182 180 151 181
213 3 2 1 16 169 182 181 148
214 3 2 1 16 148 181 184 172
215 3 2 1 16 181 151 183 184
216 3 2 1 16 184 183 25 26
217 3 2 1 16 172 184 26 27
218 3 2 1 16 78 79 186 174
219 3 2 1 16 79 2 17 186
220 3 2 1 16 186 17 18 185
221 3 2 1 16 174 186 185 149
222 3 2 1 16 149 185 188 177
223 3 2 1 16 185 18 19 188
224 3 2 1 16 188 19 20 187
225 3 2 1 16 177 188 187 150
226 3 2 1 16 150 187 190 180
227 3 2 1 16 187 20 21 190
228 3 2 1 16 190 21 22 189
229 3 2 1 16 180 190 189 151
230 3 2 1 16 151 189 191 183
231 3 2 1 16 189 22 23 191
232 3 2 1 16 191 23 3 24
233 3 2 1 16 183 191 24 25
234 3 2 1 18 9 72 203 80
235 3 2 1 18 72 71 201 203
236 3 2 1 18 203 201 192 202
237 3 2 1 18 80 203 202 81
238 3 2 1 18 81 202 206 82
239 3 2 1 18 202 192 204 206
240 3 2 1 18 206 204 193 205
241 3 2 1 18 82 206 205 83
242 3 2 1 18 83 205 209 84
243 3 2 1 18 205 193 207 209
244 3 2 1 18 209 207 194 208
245 3 2 1 18 84 209 208 85
246 3 2 1 18 85 208 211 86
247 3 2 1 18 208 194 210 211
248 3 2 1 18 211 210 43 44
249 3 2 1 18 86 211 44 6
250 3 2 1 18 71 70 214 201
251 3 2 1 18 70 69 212 214
252 3 2 1 18 214 212 195 213
253 3 2 1 18 201 214 213 192
254 3 2 1 18 192 213 217 204
255 3 2 1 18 213 195 215 217
256 3 2 1 18 217 215 196 216
257 3 2 1 18 204 217 216 193
258 3 2 1 18 193 216 220 207
259 3 2 1 18 216 196 218 220
260 3 2 1 18 220 218 197 219
261 3 2 1 18 207 220 219 194
262 3 2 1 18 194 219 222 210
263 3 2 1 18 219 197 221 222
264 3 2 1 18 222 221 41 42
265 3 2 1 18 210 222 42 43
266 3 2 1 18 69 68 225 212
267 3 2 1 18 68 67 223 225
268 3 2 1 18 225 223 198 224
269 3 2 1 18 212 225 224 195
270 3 2 1 18 195 224 228 215
271 3 2 1 18 224 198 226 228
272 3 2 1 18 228 226 199 227
273 3 2 1 18 215 228 227 196
274 3 2 1 18 196 227 231 218
275 3 2 1 18 227 199 229 231
276 3 2 1 18 231 229 200 230
277 3 2 1 18 218 231 230 197
278 3 2 1 18 197 230 233 221
279 3 2 1 18 230 200 232 233
280 3 2 1 18 233 232 39 40
281 3 2 1 18 221 233 40 41
282 3 2 1 18 67 66 235 223
283 3 2 1 18 66 4 31 235
284 3 2 1 18 235 31 32 234
285 3 2 1 18 223 235 234 198
286 3 2 1 18 198 234 237 226
287 3 2 1 18 234 32 33 237
288 3 2 1 18 237 33 34 236
289 3 2 1 18 226 237 236 199
290 3 2 1 18 199 236 239 229
291 3 2 1 18 236 34 35 239
292 3 2 1 18 239 35 36 238
293 3 2 1 18 229 239 238 200
294 3 2 1 18 200 238 240 232
295 3 2 1 18 238 36 37 240
296 3 2 1 18 240 37 5 38
297 3 2 1 18 232 240 38 39
298 3 2 1 20 9 80 252 93
299 3 2 1 20 80 81 250 252
300 3 2 1 20 252 250 241 251
301 3 2 1 20 93 252 251 92
302 3 2 1 20 92 251 255 91
303 3 2 1 20 251 241 253 255
304 3 2 1 20 255 253 242 254
305 3 2 1 20 91 255 254 90
306 3 2 1 20 90 254 258 89
307 3 2 1 20 254 242 256 258
308 3 2 1 20 258 256 243 257
309 3 2 1 20 89 258 257 88
310 3 2 1 20 88 257 260 87
311 3 2 1 20 257 243 259 260
312 3 2 1 20 260 259 57 58
313 3 2 1 20 87 260 58 8
314 3 2 1 20 81 82 263 250
315 3 2 1 20 82 83 261 263
316 3 2 1 20 263 261 244 262
317 3 2 1 20 250 263 262 241
318 3 2 1 20 241 262 266 253
319 3 2 1 20 262 244 264 266
320 3 2 1 20 266 264 245 265
321 3 2 1 20 253 266 265 242
322 3 2 1 20 242 265 269 256
323 3 2 1 20 265 245 267 269
324 3 2 1 20 269 267 246 268
325 3 2 1 20 256 269 268 243
326 3 2 1 20 243 268 271 259
327 3 2 1 20 268 246 270 271
328 3 2 1 20 271 270 55 56
329 3 2 1 20 259 271 56 57
330 3 2 1 20 83 84 274 261
331 3 2 1 20 84 85 272 274
332 3 2 1 20 274 272 247 273
333 3 2 1 20 261 274 273 244
334 3 2 1 20 244 273 277 264
335 3 2 1 20 273 247 275 277
336 3 2 1 20 277 275 248 276
337 3 2 1 20 264 277 276 245
338 3 2 1 20 245 276 280 267
339 3 2 1 20 276 248 278 280
340 3 2 1 20 280 278 249 279
341 3 2 1 20 267 280 279 246
342 3 2 1 20 246 279 282 270
343 3 2 1 20 279 249 281 282
344 3 2 1 20 282 281 53 54
345 3 2 1 20 270 282 54 55
346 3 2 1 20 85 86 284 272
347 3 2 1 20 86 6 45 284
348 3 2 1 20 284 45 46 283
349 3 2 1 20 272 284 283 247
350 3 2 1 20 247 283 286 275
351 3 2 1 20 283 46 47 286
352 3 2 1 20 286 47 48 285
353 3 2 1 20 275 286 285 248
354 3 2 1 20 248 285 288 278
355 3 2 1 20 285 48 49 288
356 3 2 1 20 288 49 50 287
357 3 2 1 20 278 288 287 249
358 3 2 1 20 249 287 289 281
359 3 2 1 20 287 50 51 289
360 3 2 1 20 289 51 7 52
361 3 2 1 20 281 289 52 53
$EndElements
